post_id,scraped_at,make,model,year,mileage,price,color,condition,transmission,body_type,fuel_type,drive_type,title_status,vehicle_age,miles_per_year,price_per_10k_miles,actual_price,pred_price
7928524278,2026-05-02T05:00:33Z,subaru,outback 3.6r limited awd,2015,179079.0,7400.0,black,like new,automatic,wagon,gas,4wd,clean,11,16280.0,413.23,7400.0,7741.8
7928525343,2026-05-02T09:00:05Z,toyota,sienna,2015,159707.0,12900.0,red,like new,automatic,minivan,gas,fwd,clean,11,14519.0,807.73,12900.0,10496.11
7928525965,2026-05-02T10:00:34Z,subaru,crosstrek,2019,114950.0,13900.0,cool gray khaki,like new,automatic,hatchback,gas,4wd,clean,7,16421.0,1209.22,13900.0,12919.9
7928526450,2026-05-02T05:00:33Z,chevrolet,silverado 2500hd,2018,149053.0,25900.0,white,like new,automatic,pickup,diesel,4wd,clean,8,18632.0,1737.64,25900.0,26772.38
7928523950,2026-05-02T05:00:33Z,subaru,forester,2023,113437.0,19900.0,black,like new,automatic,suv,gas,4wd,clean,3,37812.0,1754.28,19900.0,23941.4
7928527537,2026-05-02T05:00:33Z,subaru,crosstrek,2018,124927.0,11900.0,orange,like new,automatic,hatchback,gas,4wd,clean,8,15616.0,952.56,11900.0,12008.48
7928667282,2026-05-02T06:00:15Z,dodge,neon,2002,150000.0,3288.0,,,automatic,,gas,,clean,24,6250.0,219.2,3288.0,3288.0
7928730478,2026-05-02T09:00:05Z,mercedes benz,amg gle 43 coupe studio edition,2019,74648.0,47500.0,black,like new,automatic,coupe,gas,4wd,clean,7,10664.0,6363.2,47500.0,39335.1
7928744823,2026-05-02T09:00:05Z,chrysler,pacifica touring l,2023,20228.0,68993.0,brilliant blue,like new,automatic,minivan,gas,fwd,clean,3,6743.0,34107.67,68993.0,44610.39
7928764166,2026-05-02T10:00:34Z,mercedes-benz,slk 320,2001,21000.0,14000.0,red,like new,manual,convertible,gas,rwd,clean,25,840.0,6666.67,14000.0,11628.07
7928819683,2026-05-02T10:00:34Z,audi,s7,2014,118800.0,16000.0,silver,good,automatic,sedan,gas,4wd,lien,12,9900.0,1346.8,16000.0,8097.45
7928723431,2026-05-02T08:00:27Z,honda,civic ex-l,2009,143686.0,7295.0,black,good,automatic,coupe,gas,fwd,clean,17,8452.0,507.7,7295.0,6669.82
7928815343,2026-05-02T10:00:34Z,lincoln,mkt limo,2017,190964.0,14900.0,black,good,automatic,suv,gas,4wd,clean,9,21218.0,780.25,14900.0,8338.66
7928839362,2026-05-02T10:00:34Z,dodge,neon,2002,150000.0,588.0,,,automatic,,gas,,clean,24,6250.0,39.2,588.0,3288.0
7928815707,2026-05-02T07:00:15Z,chevrolet,avalanche 1500,2004,180988.0,7000.0,white,good,automatic,truck,gas,4wd,clean,22,8227.0,386.77,7000.0,4681.72
7928817198,2026-05-02T09:00:05Z,amc,rambler classic,1963,57290.0,7000.0,yellow,excellent,manual,sedan,gas,rwd,clean,63,909.0,1221.85,7000.0,13782.4
7928885037,2026-05-02T05:00:33Z,ford,e150 econoline,2001,36000.0,11500.0,black,excellent,automatic,van,gas,rwd,clean,25,1440.0,3194.44,11500.0,10011.28
7928865791,2026-05-02T06:00:15Z,chevrolet,el camino ss,1985,59000.0,25500.0,black,excellent,automatic,coupe,gas,rwd,clean,41,1439.0,4322.03,25500.0,20478.48
7928864120,2026-05-02T10:00:34Z,chevy,c3500,1999,240000.0,7000.0,grey,good,automatic,truck,gas,rwd,clean,27,8889.0,291.67,7000.0,6153.37
7928908242,2026-05-02T10:00:34Z,gmc,savana 2500hd cargo,2009,167173.0,6495.0,black,good,automatic,van,gas,rwd,clean,17,9834.0,388.52,6495.0,6610.21
7928927176,2026-05-02T04:00:46Z,subaru,legacy,2016,128238.0,10998.0,gray,used,automatic,sedan,gas,awd,clean,10,12824.0,857.62,10998.0,10732.56
7928952033,2026-05-02T07:00:15Z,pontiac,fire bird trans am,1991,96000.0,9000.0,green,fair,automatic,hatchback,gas,rwd,clean,35,2743.0,937.5,9000.0,23594.55
7928994128,2026-05-02T07:00:15Z,gmc,yukon xl denali,2014,180000.0,6950.0,,,automatic,suv,gas,4wd,clean,12,15000.0,386.11,6950.0,6457.56
7929027189,2026-05-02T07:00:15Z,dodge,ram 2500,2003,145000.0,1.0,black,good,automatic,pickup,gas,4wd,clean,23,6304.0,0.07,1.0,4018.0
7928982857,2026-05-02T08:00:27Z,honda,civic,2011,56000.0,3200.0,white,excellent,automatic,sedan,cng,fwd,clean,15,3733.0,571.43,3200.0,6255.92
7929084823,2026-05-02T10:00:34Z,dodge,neon,2002,150000.0,3288.0,,,automatic,,gas,,clean,24,6250.0,219.2,3288.0,3288.0
7929090533,2026-05-02T07:00:15Z,mitsubishi,pajero,1995,,4000.0,white,good,automatic,wagon,diesel,4wd,clean,31,,,4000.0,6626.77
7929098512,2026-05-02T07:00:15Z,hyundai,sante fe sport,2013,180000.0,6500.0,blue,like new,automatic,sedan,gas,4wd,clean,13,13846.0,361.11,6500.0,5837.56
7928910037,2026-05-02T07:00:15Z,honda,odyssey,2008,130579.0,5495.0,nimbus gray metallic,good,automatic,minivan,gas,fwd,clean,18,7254.0,420.82,5495.0,6734.43
7929147219,2026-05-02T08:00:27Z,subaru,xv crosstrek,2014,136625.0,9900.0,white,excellent,automatic,wagon,gas,4wd,clean,12,11385.0,724.61,9900.0,7922.05
7929149426,2026-05-02T09:00:05Z,kia,soul,2014,123296.0,5900.0,white,excellent,automatic,wagon,gas,fwd,clean,12,10275.0,478.52,5900.0,6203.53
7929149540,2026-05-02T10:00:34Z,jeep,cherokee latitude,2015,81802.0,7900.0,blue,excellent,automatic,suv,gas,4wd,clean,11,7437.0,965.75,7900.0,9473.15
7929149093,2026-05-02T09:00:05Z,hyundai,sonata,2014,118290.0,7900.0,white,excellent,automatic,sedan,gas,fwd,clean,12,9858.0,667.85,7900.0,7582.23
7929191300,2026-05-02T10:00:34Z,honda,accord,2009,120000.0,5999.0,grey,excellent,automatic,sedan,gas,fwd,clean,17,7059.0,499.92,5999.0,8710.98
7929148959,2026-05-02T09:00:05Z,infiniti,ex37 journey,2013,89281.0,8900.0,grey,excellent,automatic,suv,gas,4wd,clean,13,6868.0,996.85,8900.0,9809.92
7929151326,2026-05-02T07:00:15Z,subaru,crosstrek,2018,173000.0,8900.0,red,excellent,automatic,wagon,gas,4wd,clean,8,21625.0,514.45,8900.0,9830.0
7929165285,2026-05-02T04:00:46Z,honda,cr-v,2011,151000.0,7995.0,grey,like new,automatic,suv,gas,4wd,clean,15,10067.0,529.47,7995.0,6099.45
7929149342,2026-05-02T07:00:15Z,honda,cr-v ex,2014,130000.0,11900.0,brown,excellent,automatic,suv,gas,4wd,clean,12,10833.0,915.38,11900.0,11840.7
7929154014,2026-05-02T04:00:46Z,kia,sedona lx,2015,120000.0,5700.0,gold,excellent,automatic,minivan,gas,fwd,clean,11,10909.0,475.0,5700.0,7779.23
7929188988,2026-05-02T04:00:46Z,ford,focus se,2009,133000.0,2500.0,red,good,manual,sedan,gas,fwd,clean,17,7824.0,187.97,2500.0,4120.75
7929149261,2026-05-02T10:00:34Z,hyundai,elantra,2019,121000.0,7900.0,grey,excellent,automatic,sedan,gas,fwd,clean,7,17286.0,652.89,7900.0,7954.0
7929286909,2026-05-02T10:00:34Z,chevy,silverado,2013,154000.0,9200.0,,good,automatic,pickup,gas,,clean,13,11846.0,597.4,9200.0,6425.11
7929240995,2026-05-02T07:00:15Z,lincoln,mark lt,2007,132109.0,7800.0,,,automatic,pickup,gas,rwd,clean,19,6953.0,590.42,7800.0,8392.75
7929288571,2026-05-02T10:00:34Z,bmw,x3 2.8i x-drive,2016,124000.0,8985.0,white,excellent,automatic,suv,gas,4wd,clean,10,12400.0,724.6,8985.0,9620.27
7929145497,2026-05-02T10:00:34Z,volkswagen,passat se,2014,85972.0,7900.0,grey,excellent,automatic,sedan,gas,fwd,clean,12,7164.0,918.9,7900.0,8237.9
7929107732,2026-05-02T08:00:27Z,cadillac,cts4,2009,102738.0,7500.0,,like new,automatic,sedan,gas,awd,clean,17,6043.0,730.01,7500.0,7731.18
7929149024,2026-05-02T09:00:05Z,hyundai,elantra,2012,138892.0,4900.0,white,excellent,automatic,sedan,gas,fwd,clean,14,9921.0,352.79,4900.0,4698.51
7929151446,2026-05-02T04:00:46Z,subaru,xv crosstrek,2014,124824.0,7900.0,grey,excellent,automatic,wagon,gas,4wd,clean,12,10402.0,632.89,7900.0,9930.81
7929190886,2026-05-02T05:00:33Z,audi,a4 allroad premium plus quattro,2014,141400.0,8995.0,black,like new,automatic,suv,gas,4wd,clean,12,11783.0,636.14,8995.0,7625.46
7929292415,2026-05-02T05:00:33Z,bmw,x3 2.8i x-drive suv,2014,89000.0,8985.0,white,excellent,automatic,suv,gas,4wd,clean,12,7417.0,1009.55,8985.0,9415.56
7929058316,2026-05-02T07:00:15Z,ford,e350 super duty cutaway,2018,160000.0,20000.0,white,good,automatic,van,gas,,clean,8,20000.0,1250.0,20000.0,20492.76
7929382589,2026-05-02T09:00:05Z,kia,rio 5-door,2013,26000.0,5000.0,red,good,automatic,hatchback,gas,,clean,13,2000.0,1923.08,5000.0,8514.78
7929188433,2026-05-02T10:00:34Z,bmw,750li xdrive,2014,114000.0,6795.0,black,good,automatic,sedan,gas,4wd,rebuilt,12,9500.0,596.05,6795.0,7659.43
7929366479,2026-05-02T10:00:34Z,honda,civic lx,2009,149974.0,6995.0,silver,good,automatic,,gas,fwd,clean,17,8822.0,466.41,6995.0,6236.15
7929479364,2026-05-02T05:00:33Z,gmc,sierra 1500,2015,177000.0,5800.0,white,good,automatic,truck,gas,fwd,clean,11,16091.0,327.68,5800.0,7907.42
7929485270,2026-05-02T07:00:15Z,jeep,grand cherokee limited,2011,190000.0,4700.0,white,excellent,automatic,suv,gas,4wd,clean,15,12667.0,247.37,4700.0,5615.26
7929533725,2026-05-02T10:00:34Z,chevrolet,cobalt,2009,140000.0,3000.0,,,automatic,,gas,,clean,17,8235.0,214.29,3000.0,3378.0
7929515849,2026-05-02T09:00:05Z,gmc,acadia,2013,160000.0,7000.0,black,like new,automatic,sedan,gas,4wd,clean,13,12308.0,437.5,7000.0,7070.27
7929611533,2026-05-02T07:00:15Z,honda,crv,2004,200000.0,1600.0,,excellent,automatic,suv,gas,,clean,22,9091.0,80.0,1600.0,3498.75
7929668565,2026-05-02T07:00:15Z,buick,encore gx,2024,19604.0,23797.0,ebony twilight,great,automatic,suv,gas,awd,clean,2,9802.0,12138.85,23797.0,32961.15
7929698623,2026-05-02T10:00:34Z,toyota,prius,2008,122000.0,4800.0,,,automatic,hatchback,hybrid,,clean,18,6778.0,393.44,4800.0,7750.9
7929814768,2026-05-02T04:00:46Z,mazda,6 grand touring 's',2009,115508.0,4995.0,silver,good,automatic,,gas,fwd,clean,17,6795.0,432.44,4995.0,5466.83
7929827016,2026-05-02T04:00:46Z,subaru,impreza,2012,96628.0,8998.0,gray,used,manual,sedan,gas,awd,clean,14,6902.0,931.2,8998.0,11283.12
7929848486,2026-05-02T05:00:33Z,subaru,outback,2022,27514.0,22991.0,black,good,automatic,suv,gas,awd,clean,4,6878.0,8356.11,22991.0,11904.92
7929873654,2026-05-02T05:00:33Z,dodge,journey se,2014,138000.0,4500.0,white,excellent,automatic,suv,gas,4wd,clean,12,11500.0,326.09,4500.0,9108.49
7929890332,2026-05-02T10:00:34Z,buick,envision,2022,15472.0,22795.0,ebony twilight,great condition,automatic,suv,gas,fwd,clean,4,3868.0,14733.07,22795.0,23057.89
7929938227,2026-05-02T09:00:05Z,maserati,quattroporte,2020,39853.0,36900.0,blue,like new,automatic,sedan,gas,4wd,clean,6,6642.0,9259.03,36900.0,28203.19
7929967112,2026-05-02T05:00:33Z,subaru,outback,2006,200000.0,3000.0,silver,like new,automatic,wagon,gas,4wd,clean,20,10000.0,150.0,3000.0,3590.37
7929989720,2026-05-02T05:00:33Z,dodge,neon,2002,150000.0,3288.0,,,automatic,,gas,,clean,24,6250.0,219.2,3288.0,3288.0
7929999688,2026-05-02T07:00:15Z,honda,accord,2009,189000.0,4799.0,silver,excellent,automatic,sedan,gas,fwd,clean,17,11118.0,253.92,4799.0,3937.7
7929697771,2026-05-02T10:00:34Z,bmw,m3,2025,15503.0,82788.0,brooklyn grey metallic,great condition,manual,sedan,gas,rear-wheel drive,clean,1,15503.0,53401.28,82788.0,31831.01
7929933457,2026-05-02T05:00:33Z,chevrolet,malibu,2024,29394.0,18317.0,mosaic black,used,automatic,sedan,gas,fwd,clean,2,14697.0,6231.54,18317.0,18775.27
7930067997,2026-05-02T10:00:34Z,subaru,forester 2.5i touring,2018,155812.0,9900.0,green,like new,automatic,suv,gas,4wd,clean,8,19476.0,635.38,9900.0,12587.94
7930090963,2026-05-02T07:00:15Z,chevy,silverado 1500,2016,90000.0,2000.0,blue,like new,automatic,pickup,gas,4wd,clean,10,9000.0,222.22,2000.0,2000.0
7930113979,2026-05-02T09:00:05Z,mercedes-benz,gl 450 4matic,2015,124948.0,10950.0,black,excellent,automatic,suv,gas,4wd,clean,11,11359.0,876.36,10950.0,10226.6
7929596984,2026-05-02T10:00:34Z,toyota,camry le,1999,167845.0,3995.0,white,good,automatic,,gas,fwd,clean,27,6216.0,238.02,3995.0,3729.76
7929656941,2026-05-02T09:00:05Z,ford,explorer limited,2012,106000.0,9995.0,silver,like new,automatic,suv,gas,4wd,clean,14,7571.0,942.92,9995.0,9046.74
7929782558,2026-05-02T04:00:46Z,ford,fusion,2020,35125.0,14850.0,alto blue metallic tinted clearcoat,used,automatic,sedan,gas,fwd,clean,6,5854.0,4227.76,14850.0,14748.51
7929876044,2026-05-02T09:00:05Z,ford,f350,2002,220000.0,7900.0,,good,automatic,pickup,diesel,,clean,24,9167.0,359.09,7900.0,6277.74
7929999342,2026-05-02T05:00:33Z,jeep,compass,2015,155000.0,4500.0,grey,excellent,automatic,suv,gas,4wd,clean,11,14091.0,290.32,4500.0,6295.81
7929757297,2026-05-02T09:00:05Z,dodge,neon,2002,150000.0,3288.0,,,automatic,,gas,,clean,24,6250.0,219.2,3288.0,3288.0
7929827036,2026-05-02T10:00:34Z,subaru,forester,2015,125150.0,9998.0,blue,used,cvt,wagon,gas,awd,clean,11,11377.0,798.88,9998.0,10198.64
7930076819,2026-05-02T05:00:33Z,subaru,forester 2.5i limited awd,2017,157287.0,8900.0,black,like new,automatic,suv,gas,4wd,clean,9,17476.0,565.84,8900.0,12167.79
7929721475,2026-05-02T04:00:46Z,subaru,outback,2013,145814.0,6900.0,black,excellent,automatic,wagon,gas,4wd,clean,13,11216.0,473.21,6900.0,6433.78
7930090796,2026-05-02T10:00:34Z,toyota,camry,2018,33000.0,2000.0,white,like new,automatic,sedan,gas,fwd,clean,8,4125.0,606.06,2000.0,2127.0
7930184850,2026-05-02T07:00:15Z,ford,mustang,2000,197000.0,3900.0,black,good,manual,convertible,gas,rwd,clean,26,7577.0,197.97,3900.0,3739.51
7930200128,2026-05-02T05:00:33Z,mg,mgb roadster,1977,76398.0,8500.0,red,excellent,manual,convertible,gas,rwd,clean,49,1559.0,1112.59,8500.0,23164.55
7930308128,2026-05-02T07:00:15Z,chevrolet,silverado ltd 1500 rst crew cab 4x4,2022,98056.0,29900.0,white,like new,automatic,pickup,gas,4wd,clean,4,24514.0,3049.28,29900.0,19900.78
7930325388,2026-05-02T09:00:05Z,honda,pilot,2004,185500.0,2999.0,grey,good,automatic,suv,gas,4wd,clean,22,8432.0,161.67,2999.0,3312.04
7929782317,2026-05-02T05:00:33Z,toyota,camry,2010,189225.0,5500.0,white,used,automatic,sedan,gas,fwd,clean,16,11827.0,290.66,5500.0,5842.63
7929998859,2026-05-02T09:00:05Z,ford,fusion,2012,160000.0,3600.0,black,good,automatic,sedan,gas,fwd,clean,14,11429.0,225.0,3600.0,5296.83
7930071844,2026-05-02T04:00:46Z,gmc,yukon,2023,37237.0,53357.0,white,used,automatic,suv,gas,4wd,clean,3,12412.0,14329.03,53357.0,24186.48
7930330247,2026-05-02T05:00:33Z,chevrolet,silverado 1500,2023,32078.0,45870.0,black,great condition,automatic,pickup,gas,4wd,clean,3,10693.0,14299.52,45870.0,25133.05
7930465553,2026-05-02T09:00:05Z,chevrolet,bel air,1956,1250.0,175000.0,black,,manual,convertible,gas,,clean,70,18.0,1400000.0,175000.0,162770.0
7930582500,2026-05-02T07:00:15Z,toyota,land cruiser,2001,273000.0,3600.0,,fair,automatic,suv,gas,4wd,clean,25,10920.0,131.87,3600.0,2946.0
7930047083,2026-05-02T07:00:15Z,hyundai,sonata,2013,220000.0,3700.0,blue,good,automatic,sedan,gas,fwd,clean,13,16923.0,168.18,3700.0,3637.87
7930054689,2026-05-02T09:00:05Z,subaru,forester,2015,132799.0,10998.0,silver,used,automatic,wagon,gas,awd,clean,11,12073.0,828.17,10998.0,10687.64
7930184707,2026-05-02T07:00:15Z,nissan,pathfinder,2016,114000.0,8885.0,blue,excellent,automatic,suv,gas,4wd,clean,10,11400.0,779.39,8885.0,9565.85
7930173303,2026-05-02T10:00:34Z,toyota,camry,2009,170000.0,4500.0,,excellent,automatic,sedan,gas,,clean,17,10000.0,264.71,4500.0,5178.11
7930429068,2026-05-02T05:00:33Z,jeep,grand cherokee limited,2005,254750.0,1200.0,blue,fair,automatic,suv,gas,4wd,clean,21,12131.0,47.11,1200.0,2904.12
7930429830,2026-05-02T09:00:05Z,ford,mini t hr campervan,2025,87.0,139500.0,,new,automatic,van,gas,4wd,clean,1,87.0,16034482.76,139500.0,95716.53
7930435080,2026-05-02T07:00:15Z,mercedes-benz,gl450 4-matic,2011,79000.0,8985.0,white,excellent,automatic,suv,gas,4wd,clean,15,5267.0,1137.34,8985.0,8669.93
7930457591,2026-05-02T07:00:15Z,honda,hr-v,2019,45808.0,19319.0,modern steel,great condition,automatic,suv,gas,4wd,clean,7,6544.0,4217.39,19319.0,19681.94
7929762862,2026-05-02T05:00:33Z,ford,ranger,2009,199000.0,1000.0,white,fair,automatic,pickup,gas,rwd,clean,17,11706.0,50.25,1000.0,6358.95
7930306172,2026-05-02T09:00:05Z,toyota,tacoma,2017,118850.0,26900.0,orange,like new,automatic,pickup,gas,4wd,clean,9,13206.0,2263.36,26900.0,14114.76
7930464360,2026-05-02T07:00:15Z,ford,super duty f-350 srw,2015,264719.0,16900.0,bronze fire metallic,,automatic,pickup,diesel,4wd,clean,11,24065.0,638.41,16900.0,18676.14
7930091132,2026-05-02T09:00:05Z,chevy,silverado 1500,2016,90000.0,,blue,like new,automatic,pickup,gas,4wd,clean,10,9000.0,,,2000.0
7930178925,2026-05-02T10:00:34Z,honda,fit sport 4 door hatchback,2009,59000.0,8885.0,titanium grey metallic,excellent,automatic,hatchback,gas,fwd,clean,17,3471.0,1505.93,8885.0,7013.76
7930276897,2026-05-02T07:00:15Z,honda,passport elite,2019,170000.0,12400.0,black,excellent,automatic,suv,gas,4wd,clean,7,24286.0,729.41,12400.0,8589.74
7930464606,2026-05-02T07:00:15Z,mercedes-benz,glk-class,2015,123897.0,8900.0,red,used,automatic,suv,gas,rwd,clean,11,11263.0,718.34,8900.0,8942.76
7929414179,2026-05-02T04:00:46Z,jeep,grand cherokee,2011,150000.0,4000.0,grey,good,automatic,suv,gas,4wd,clean,15,10000.0,266.67,4000.0,5722.59
7930296088,2026-05-02T05:00:33Z,gmc,canyon,2026,4020.0,38997.0,onyx black,used,automatic,pickup,gas,rwd,clean,0,,97007.46,38997.0,45849.83
7930464723,2026-05-02T05:00:33Z,jeep,cherokee,2019,95682.0,13990.0,white,used,automatic,suv,gas,4wd,clean,7,13669.0,1462.13,13990.0,14052.35
7930618675,2026-05-02T05:00:33Z,mazda,miata mx5,2011,42984.0,10750.0,silver,excellent,manual,convertible,gas,rwd,rebuilt,15,2866.0,2500.93,10750.0,10299.47
7930750735,2026-05-02T09:00:05Z,gmc,terrain,2022,37500.0,19997.0,ebony twilight,used,automatic,suv,gas,awd,clean,4,9375.0,5332.53,19997.0,20960.38
7930764688,2026-05-02T09:00:05Z,infiniti,q50,2015,106000.0,8400.0,graphite shadow gray,excellent,automatic,sedan,gas,rwd,clean,11,9636.0,792.45,8400.0,9309.35
7930287649,2026-05-02T09:00:05Z,hyundai,sonata,2009,162000.0,2900.0,,good,automatic,,gas,,clean,17,9529.0,179.01,2900.0,5219.96
7930464523,2026-05-02T07:00:15Z,audi,q3,2020,77916.0,17980.0,chronos gray metallic,used,automatic,suv,gas,awd,clean,6,12986.0,2307.61,17980.0,18141.3
7930794149,2026-05-02T05:00:33Z,bmw,xm,2026,9224.0,135771.0,black,used,automatic,suv,electric,awd,clean,0,,147193.19,135771.0,45712.47
7930620074,2026-05-02T05:00:33Z,dodge,neon,2002,150000.0,3288.0,,,automatic,,gas,,clean,24,6250.0,219.2,3288.0,3288.0
7930453774,2026-05-02T09:00:05Z,mazda,3,2015,211000.0,5200.0,red,excellent,automatic,sedan,gas,fwd,clean,11,19182.0,246.45,5200.0,5603.48
7930465932,2026-05-02T09:00:05Z,mercedes-benz,s-class,2014,83873.0,20900.0,gray,used,automatic,sedan,gas,awd,clean,12,6989.0,2491.86,20900.0,20530.45
7930456937,2026-05-02T05:00:33Z,honda,civic lx,2008,141000.0,4800.0,grey,excellent,automatic,sedan,gas,fwd,clean,18,7833.0,340.43,4800.0,4343.51
7930991324,2026-05-02T07:00:15Z,volkswagen,passat,2014,86000.0,5200.0,black,good,automatic,sedan,gas,fwd,clean,12,7167.0,604.65,5200.0,6103.85
7931017263,2026-05-02T05:00:33Z,bmw,430i,2026,19212.0,42397.0,black,great,automatic,coupe,gas,awd,clean,0,,22067.98,42397.0,37890.64
7931025699,2026-05-02T05:00:33Z,ford,focus se hatchback,2012,157000.0,3500.0,red,excellent,automatic,hatchback,gas,fwd,clean,14,11214.0,222.93,3500.0,6107.49
7931142389,2026-05-02T07:00:15Z,kia,sportage,2012,128000.0,3750.0,,excellent,automatic,suv,gas,4wd,clean,14,9143.0,292.97,3750.0,7314.7
7931217661,2026-05-02T07:00:15Z,ford,model a sport coupe,1931,91710.0,24500.0,brown,good,manual,coupe,gas,,clean,95,965.0,2671.46,24500.0,24398.05
7931232928,2026-05-02T09:00:05Z,chevy,silverado 1500,2010,98000.0,6800.0,green,good,automatic,truck,gas,4wd,clean,16,6125.0,693.88,6800.0,7856.97
7931134072,2026-05-02T05:00:33Z,subaru,outback 2.5i premium,2015,171000.0,6500.0,blue,excellent,automatic,suv,gas,4wd,clean,11,15545.0,380.12,6500.0,6787.65
7931148058,2026-05-02T05:00:33Z,dodge,grand caravan sxt,2016,180000.0,4900.0,black,excellent,automatic,minivan,gas,fwd,clean,10,18000.0,272.22,4900.0,6262.35
7931130562,2026-05-02T05:00:33Z,honda,civic lx,2008,180000.0,3198.0,grey,excellent,automatic,sedan,gas,fwd,clean,18,10000.0,177.67,3198.0,3621.62
7931243178,2026-05-02T09:00:05Z,bmw,328i xdrive sedan,2011,96000.0,7485.0,blue,good,automatic,sedan,gas,4wd,clean,15,6400.0,779.69,7485.0,7781.3
7931279366,2026-05-02T05:00:33Z,honda,fit,2009,106000.0,7900.0,,excellent,automatic,hatchback,gas,4wd,clean,17,6235.0,745.28,7900.0,7329.01
7931153153,2026-05-02T09:00:05Z,buick,envista,2024,15753.0,19997.0,ebony twilight metallic,great condition,automatic,suv,gas,fwd,clean,2,7876.0,12694.09,19997.0,30656.77
7931154323,2026-05-02T07:00:15Z,chevrolet,express 2500 cargo,2010,280000.0,4800.0,grey,good,automatic,van,gas,,clean,16,17500.0,171.43,4800.0,4723.4
7931235090,2026-05-02T05:00:33Z,buick,encore,2022,30106.0,16579.0,silver,great condition,automatic,suv,gas,awd,clean,4,7526.0,5506.88,16579.0,12865.56
7931243504,2026-05-02T07:00:15Z,jeep,liberty limited sport,2012,114000.0,6885.0,black forest green,excellent,automatic,suv,gas,4wd,clean,14,8143.0,603.95,6885.0,7647.7
7931272995,2026-05-02T09:00:05Z,honda,pilot touring,2009,126000.0,8900.0,,excellent,automatic,suv,gas,4wd,clean,17,7412.0,706.35,8900.0,6582.24
7931293412,2026-05-02T09:00:05Z,acura,mdx sport,2009,99000.0,8900.0,,excellent,automatic,suv,gas,4wd,clean,17,5824.0,898.99,8900.0,7044.03
7931146154,2026-05-02T09:00:05Z,chevy,express 3500,2008,170484.0,8995.0,white,good,automatic,van,gas,rwd,clean,18,9471.0,527.62,8995.0,7740.18
7931318478,2026-05-02T09:00:05Z,nissan,versa hatchback,2014,78500.0,,silver,excellent,automatic,hatchback,gas,fwd,clean,12,6542.0,,,8067.19
7931381668,2026-05-02T09:00:05Z,subaru,impreza,2016,147969.0,8998.0,silver,used,manual,wagon,gas,awd,clean,10,14797.0,608.1,8998.0,9914.31
7931381738,2026-05-02T09:00:05Z,subaru,outback,2011,127452.0,6998.0,green,used,automatic,wagon,gas,awd,clean,15,8497.0,549.07,6998.0,9225.13
7931373153,2026-05-02T09:00:05Z,toyota,tacoma sr5 4x4,2007,97000.0,13900.0,blue,good,automatic,pickup,gas,4wd,clean,19,5105.0,1432.99,13900.0,7972.44
7931378451,2026-05-02T09:00:05Z,ford,taurus ses,2002,46000.0,2800.0,silver,good,automatic,sedan,gas,4wd,clean,24,1917.0,608.7,2800.0,5546.3
7931381787,2026-05-02T09:00:05Z,subaru,impreza,2014,112834.0,9998.0,silver,used,automatic,wagon,gas,awd,clean,12,9403.0,886.08,9998.0,10864.72
7931482526,2026-05-02T07:00:15Z,toyota,rav4,2013,125603.0,13885.0,green,used,automatic,suv,gas,4wd,clean,13,9662.0,1105.47,13885.0,13836.13
7929849470,2026-05-02T10:00:34Z,mg,midget,1975,40000.0,2000.0,blue,,manual,convertible,gas,,,51,784.0,500.0,2000.0,19231.93
7931465356,2026-05-02T09:00:05Z,nissan,altima,2003,59000.0,3500.0,green,good,automatic,sedan,gas,rwd,clean,23,2565.0,593.22,3500.0,7343.76
7931473651,2026-05-02T07:00:15Z,audi,a6,2019,42250.0,17000.0,black,excellent,automatic,sedan,gas,,clean,7,6036.0,4023.67,17000.0,16967.67
7931482429,2026-05-02T09:00:05Z,chevrolet,colorado,2018,167341.0,12850.0,black,used,automatic,pickup,gas,4wd,clean,8,20918.0,767.89,12850.0,12335.95
7931482619,2026-05-02T05:00:33Z,ram,3500,2016,142654.0,29900.0,silver,used,automatic,regular cab chassis-cab,gas,4wd,clean,10,14265.0,2095.98,29900.0,29666.0
7931422606,2026-05-02T05:00:33Z,ford,f250 super duty,2015,30414.0,22500.0,white,,automatic,pickup,gas,4wd,clean,11,2765.0,7397.91,22500.0,9852.21
7931481836,2026-05-02T05:00:33Z,chevrolet,bel air,1962,87572.0,47500.0,gold,used,manual,,gas,,clean,64,1368.0,5424.11,47500.0,73244.5
7931482105,2026-05-02T05:00:33Z,honda,accord,2010,123114.0,9800.0,black,used,automatic,sedan,gas,,clean,16,7695.0,796.01,9800.0,9000.12
7931482818,2026-05-02T05:00:33Z,chevrolet,silverado 1500,2012,67592.0,14850.0,blue,,automatic,pickup,gas,4wd,clean,14,4828.0,2197.01,14850.0,14366.27
7931501694,2026-05-02T05:00:33Z,jaguar,mk v drophead coupe,1950,51000.0,85000.0,red,like new,manual,convertible,gas,rwd,clean,76,671.0,16666.67,85000.0,54382.9
7931555233,2026-05-02T07:00:15Z,dodge,neon,2002,150000.0,3288.0,,,automatic,,gas,,clean,24,6250.0,219.2,3288.0,3288.0
7931575636,2026-05-02T05:00:33Z,ford,ranger xlt,2002,90344.0,7995.0,harvest gold,excellent,automatic,pickup,gas,4wd,clean,24,3764.0,884.95,7995.0,6857.98
7931381712,2026-05-02T09:00:05Z,honda,civic,2013,112885.0,8999.0,blue,excellent,automatic,sedan,gas,fwd,clean,13,8683.0,797.18,8999.0,8921.29
7931482484,2026-05-02T07:00:15Z,chevrolet,cobalt,2010,123272.0,3980.0,imperial blue metallic,used,automatic,sedan,gas,,clean,16,7704.0,322.86,3980.0,5158.7
7931482569,2026-05-02T07:00:15Z,nissan,murano,2018,110109.0,14900.0,gun metallic,used,automatic,suv,gas,4wd,clean,8,13764.0,1353.2,14900.0,14879.9
7931587966,2026-05-02T09:00:05Z,nissan,sentra sr,2010,134000.0,2950.0,,excellent,automatic,,gas,,clean,16,8375.0,220.15,2950.0,5321.73
7931403950,2026-05-02T09:00:05Z,dodge,grand caravan,2020,66365.0,15519.0,octane red pearlcoat,used,automatic,minivan,gas,fwd,clean,6,11061.0,2338.43,15519.0,15829.73
7931482667,2026-05-02T09:00:05Z,chevrolet,silverado 1500,2012,130790.0,14950.0,red,used,automatic,pickup,gas,4wd,clean,14,9342.0,1143.05,14950.0,14839.46
7931482871,2026-05-02T09:00:05Z,chevrolet,caprice,1988,69541.0,17500.0,cream,used,automatic,wagon,gas,,clean,38,1830.0,2516.5,17500.0,17500.0
